s:Ge/World/Material="Vacuum"
d:Ge/World/HLX = 0.2 mm
d:Ge/World/HLY = 0.2 mm
d:Ge/World/HLZ = 0.2 mm

includeFile=materials
includeFile=geometry
includeFile=scorer



###Source###
s:Ge/Source/Parent = "World"
s:Ge/Source/Type   = "Group"
d:Ge/Source/TransX = 0. m
d:Ge/Source/TransY = 0. m
d:Ge/Source/TransZ = -1. m

s:So/RX/Type                    	 = "Beam"
s:So/RX/Component                	 = "Source"
s:So/RX/BeamParticle             	 = "gamma"
s:So/RX/BeamEnergySpectrumType  	 = "Continuous"

dv:So/RX/BeamEnergySpectrumValues  = 202 23.5  24.5  25.5  26.5  27.5  
  28.5  29.5  30.5  31.5  32.5  33.5  34.5
  35.5  36.5  37.5  38.5  39.5  40.5  41.5  42.5  43.5  44.5  45.5  46.5
  47.5  48.5  49.5  50.5  51.5  52.5  53.5  54.5  55.5  56.5  57.5  58.5
  59.5  60.5  61.5  62.5  63.5  64.5  65.5  66.5  67.5  68.5  69.5  70.5
  71.5  72.5  73.5  74.5  75.5  76.5  77.5  78.5  79.5  80.5  81.5  82.5
  83.5  84.5  85.5  86.5  87.5  88.5  89.5  90.5  91.5  92.5  93.5  94.5
  95.5  96.5  97.5  98.5  99.5 100.5 101.5 102.5 103.5 104.5 105.5 106.5
 107.5 108.5 109.5 110.5 111.5 112.5 113.5 114.5 115.5 116.5 117.5 118.5
 119.5 120.5 121.5 122.5 123.5 124.5 125.5 126.5 127.5 128.5 129.5 130.5
 131.5 132.5 133.5 134.5 135.5 136.5 137.5 138.5 139.5 140.5 141.5 142.5
 143.5 144.5 145.5 146.5 147.5 148.5 149.5 150.5 151.5 152.5 153.5 154.5
 155.5 156.5 157.5 158.5 159.5 160.5 161.5 162.5 163.5 164.5 165.5 166.5
 167.5 168.5 169.5 170.5 171.5 172.5 173.5 174.5 175.5 176.5 177.5 178.5
 179.5 180.5 181.5 182.5 183.5 184.5 185.5 186.5 187.5 188.5 189.5 190.5
 191.5 192.5 193.5 194.5 195.5 196.5 197.5 198.5 199.5 200.5 201.5 202.5
 203.5 204.5 205.5 206.5 207.5 208.5 209.5 210.5 211.5 212.5 213.5 214.5
 215.5 216.5 217.5 218.5 219.5 220.5 221.5 222.5 223.5 224.5 MeV

uv:So/RX/BeamEnergySpectrumWeights = 202  5.04955856e-03 5.95380137e-03
 6.82961737e-03 7.67403733e-03
 8.45371844e-03 9.15590739e-03 9.76650002e-03 1.02958016e-02
 1.07595791e-02 1.11517888e-02 1.14750320e-02 1.17328726e-02
 1.19154903e-02 1.20538325e-02 1.21470694e-02 1.21913333e-02
 1.21994896e-02 1.21828497e-02 1.21387962e-02 1.20616265e-02
 1.19655968e-02 1.18515250e-02 1.17298578e-02 1.15913544e-02
 1.14378494e-02 1.12787168e-02 1.11163719e-02 1.09479343e-02
 1.07700047e-02 1.05935288e-02 1.04173695e-02 1.02396982e-02
 1.00556093e-02 9.87226942e-03 9.69485283e-03 5.96131735e-02
 9.66626360e-02 9.16379262e-03 8.99022283e-03 8.81915602e-03
 8.65399029e-03 8.48535052e-03 8.32215610e-03 8.16391740e-03
 3.68795935e-02 7.85079136e-03 1.52229299e-02 6.29829307e-03
 6.21172143e-03 6.12955514e-03 6.04838561e-03 5.96543174e-03
 5.88176389e-03 5.79817784e-03 5.71750377e-03 5.63485488e-03
 5.54999280e-03 5.46652594e-03 5.38769113e-03 5.30777426e-03
 5.22538712e-03 5.14410191e-03 5.06583384e-03 4.98822364e-03
 4.91099206e-03 4.83445691e-03 4.75856095e-03 4.68465033e-03
 4.61123398e-03 4.53824883e-03 4.46547752e-03 4.39530268e-03
 4.32632792e-03 4.25744079e-03 4.18903511e-03 4.12189844e-03
 4.05710117e-03 3.99248969e-03 3.92838536e-03 3.86513873e-03
 3.80328966e-03 3.74269675e-03 3.68216929e-03 3.62268649e-03
 3.56389312e-03 3.50665623e-03 3.44995336e-03 3.39444590e-03
 3.34009761e-03 3.28648667e-03 3.23288741e-03 3.17990981e-03
 3.12872590e-03 3.07775467e-03 3.02802091e-03 2.97812939e-03
 2.92990069e-03 2.88214291e-03 2.83456859e-03 2.78880783e-03
 2.74279232e-03 2.69786939e-03 2.65370133e-03 2.60965363e-03
 2.56722084e-03 2.52480090e-03 2.48307156e-03 2.44212397e-03
 2.40127687e-03 2.36148962e-03 2.32203541e-03 2.28283594e-03
 2.24501883e-03 2.20719939e-03 2.16966741e-03 2.13324319e-03
 2.09762526e-03 2.06234386e-03 2.02706831e-03 1.99207787e-03
 1.95849201e-03 1.92535253e-03 1.89100011e-03 1.85837245e-03
 1.82632788e-03 1.79435809e-03 1.76264889e-03 1.73161042e-03
 1.70115271e-03 1.67059100e-03 1.64132753e-03 1.61175790e-03
 1.58198028e-03 1.55371006e-03 1.52586401e-03 1.49756691e-03
 1.46989731e-03 1.44233989e-03 1.41544036e-03 1.38891942e-03
 1.36217530e-03 1.33631692e-03 1.31066537e-03 1.28542748e-03
 1.26041395e-03 1.23524150e-03 1.21019291e-03 1.18638063e-03
 1.16273766e-03 1.13831400e-03 1.11463073e-03 1.09162204e-03
 1.06880008e-03 1.04589855e-03 1.02341558e-03 1.00101640e-03
 9.78745408e-04 9.56960756e-04 9.35324272e-04 9.13724364e-04
 8.92466601e-04 8.71573653e-04 8.50458334e-04 8.29545287e-04
 8.08901353e-04 7.88609379e-04 7.68402591e-04 7.47973783e-04
 7.27926850e-04 7.08217505e-04 6.88780660e-04 6.68872782e-04
 6.49172201e-04 6.29830826e-04 6.10809744e-04 5.91655684e-04
 5.72197222e-04 5.53064546e-04 5.34087869e-04 5.15607583e-04
 4.96496992e-04 4.77435245e-04 4.58564086e-04 4.40115350e-04
 4.21522885e-04 4.02390560e-04 3.83469738e-04 3.64829714e-04
 3.46596571e-04 3.26101975e-04 3.05749004e-04 2.85685361e-04
 2.66030352e-04 2.46534731e-04 2.26899821e-04 2.07533673e-04
 1.88501257e-04 1.69847795e-04 1.31165044e-04 9.28979277e-05
 5.52552380e-05 1.82599134e-05

s:So/RX/BeamPositionCutoffShape  	 = "Rectangle"
s:So/RX/BeamPositionDistribution    	 = "Flat"
d:So/RX/BeamPositionCutoffX     	 = 0.05 mm #O.O55 de base
d:So/RX/BeamPositionCutoffY   		 = 0.05 mm 
s:So/RX/BeamAngularDistribution  	 = "None"
ic:So/RX/NumberOfHistoriesInRun  	 = 152000000

###Physics###
sv:Ph/Default/Modules = 1 "g4em-livermore"

###Graphics###
#s:Gr/ViewA/Type               = "OpenGL"
#i:Gr/ViexA/WindowSizeX        = 1024
#i:Gr/ViexA/WindowSizeY        = 768
#b:Gr/ViewA/IncludeAxes       = "False"
#d:Gr/ViewA/Theta              = 45 deg
#d:Gr/ViewA/Phi                = 45 deg
#u:Gr/ViewA/zoom               = 1.

###Topas##9
i:Ts/NumberOfSequentialRuns = 10
i:Ts/ShowHistoryCountAtInterval = 1000000
b:Ts/PauseBeforeQuit = "True"
i:Ts/NumberOfThreads = 24
#b:Ts/UseQt = "True"
